891.6963
706.0278
490.2581
525.3696
417.6355
314.5614
326.0345
259.4617
360.2688
174.5788
226.3375
176.7931
163.5477
164.812
167.9435
130.8532
223.5952
102.7838
129.8003
117.1843
92.02245
134.5256
110.1314
94.11262
122.5876
92.68117
116.2566
109.3763
103.2803
97.63018
140.0493
168.4699
98.43424
108.5485
149.256
120.8629
196.9463
189.8077
113.8099
121.8718
120.5192
164.2662
128.5037
133.1916
155.0787
180.6334
145.1422
120.2009
289.4155
370.54
207.8199
242.3517
201.2034
257.0385
306.1354
333.6528
351.5512
534.6798
620.4465
747.7222
894.8951
1013.701
1333.461
1405.873
1943.388
1895.708
2192.729
2336.574
2703.356
3139.611
3765.875
4024.418
3688.066
4104.519
4603.547
4489.386
4306.954
4578.476
4705.1
5469.096
4382.572
4315.165
4388.482
4510.69
4610.263
4643.381
5891.74
5478.189
5047.302
4744.353
4846.371
5287.086
5618.324
6299.565
6038.338
6200.805
6507.577
6476.577
6684.827
6635.125
6684.781
6946.213
6613.045
6013.188
6372.633
6151.47
5591.402
6052.814
6403.447
5484.258
5780.995
6142.406
5166.864
4430.757
4118.646
4056.003
3812.367
3588.22
3055.295
2773.639
2681.856
2394.117
2288.957
2435.308
1638.962
1246.753
1191.288
1028.282
916.7369
902.4792
882.3578
978.6407
942.7526
789.4147
570.5952
558.1358
509.7735
464.6538
377.7594
367.1894
324.7287
268.6841
295.9176
398.2075
